,Team,Year,SumRV
0,BUF,1990,-22.62010520330793
1,BUF,1991,-7.803388557040273
2,BUF,1992,-39.0623713198321
3,BUF,1993,-25.391584568399256
4,BUF,1994,-8.297469895324648
5,BUF,1995,53.36506691916068
6,BUF,1996,37.50452843503091
7,BUF,1997,11.033389883001819
8,BUF,1998,-28.838074136366547
9,BUF,1999,41.88818498846901
10,BUF,2000,-20.48879435384164
11,BUF,2001,80.08058706569506
12,BUF,2002,28.312632599894897
13,BUF,2003,24.707375382975385
14,BUF,2004,-58.008405480261914
15,BUF,2005,-15.986333597716495
16,BUF,2006,10.268065993713304
17,BUF,2007,23.47699397644004
18,BUF,2008,-30.295571402345747
19,BUF,2009,19.11994881761558
20,BUF,2010,-35.33586005982861
21,BUF,2011,-18.032444158556046
22,BUF,2012,-15.44479618506557
23,BUF,2013,-10.752049234146638
24,BUF,2014,14.781001528013295
25,BUF,2015,4.199093235512111
26,BUF,2016,-16.009980449033478
27,BUF,2017,4.094176313498745
28,MIA,1990,29.170790948143285
29,MIA,1991,-7.880338919623126
30,MIA,1992,3.8595291907639444
31,MIA,1993,26.348841779807824
32,MIA,1994,20.595556179631863
33,MIA,1995,-8.343830075206194
34,MIA,1996,-11.713131209690417
35,MIA,1997,9.56142526885029
36,MIA,1998,-22.76503377651072
37,MIA,1999,-23.1444037535305
38,MIA,2000,-18.878845293362804
39,MIA,2001,14.18050524899778
40,MIA,2002,-4.780236513760384
41,MIA,2003,17.32530712880206
42,MIA,2004,14.527865816638519
43,MIA,2005,0.06636223777517855
44,MIA,2006,-10.05942559310768
45,MIA,2007,-9.3698339286139
46,MIA,2008,5.027331997226039
47,MIA,2009,-16.78940136022606
48,MIA,2010,55.517457053056035
49,MIA,2011,-0.15558147903761288
50,MIA,2012,33.3262275118079
51,MIA,2013,-35.64548765246617
52,MIA,2014,-3.2932892862447307
53,MIA,2015,8.695801282357621
54,MIA,2016,-8.866980834456914
55,MIA,2017,-3.220868746333479
56,NYJ,1990,-10.9531534325408
57,NYJ,1991,-9.030913537896435
58,NYJ,1992,10.669122122279214
59,NYJ,1993,14.152213752532106
60,NYJ,1994,-4.263393007795846
61,NYJ,1995,-8.997555550403323
62,NYJ,1996,25.169499632131696
63,NYJ,1997,32.43203021715771
64,NYJ,1998,0.3776422547107243
65,NYJ,1999,37.08709788858371
66,NYJ,2000,-1.319034356255416
67,NYJ,2001,5.694949245901567
68,NYJ,2002,12.026020506168024
69,NYJ,2003,-58.002050669456395
70,NYJ,2004,19.931122180418857
71,NYJ,2005,17.876728958696987
72,NYJ,2006,2.8129484283997077
73,NYJ,2007,21.80441984656357
74,NYJ,2008,20.04250705327348
75,NYJ,2009,30.168782447769992
76,NYJ,2010,-33.15274870848926
77,NYJ,2011,19.4162649690161
78,NYJ,2012,2.5448257586024745
79,NYJ,2013,-7.165106230101157
80,NYJ,2014,-58.42789874676948
81,NYJ,2015,-16.493536972719447
82,NYJ,2016,3.632858504760565
83,NYJ,2017,-0.7142451279540586
84,NWE,1990,-12.744629147835635
85,NWE,1991,-10.398867835257805
86,NWE,1992,-16.060212459400702
87,NWE,1993,-19.969519501326467
88,NWE,1994,-7.167379732400576
89,NWE,1995,59.78220079098103
90,NWE,1996,51.60317146735489
91,NWE,1997,-50.75816601000189
92,NWE,1998,-48.184422692161355
93,NWE,1999,-7.386801708935235
94,NWE,2000,1.290927882569131
95,NWE,2001,-48.36653300159866
96,NWE,2002,22.142599498108517
97,NWE,2003,21.524772399363435
98,NWE,2004,-14.629546405011503
99,NWE,2005,33.54537061666984
100,NWE,2006,-31.784067329422605
101,NWE,2007,-54.74864669562027
102,NWE,2008,-31.130208178896677
103,NWE,2009,6.408042908961193
104,NWE,2010,19.2476163998427
105,NWE,2011,32.694392579031195
106,NWE,2012,-8.487780862334407
107,NWE,2013,-5.965456115856993
108,NWE,2014,-12.941877305079416
109,NWE,2015,21.013585186521325
110,NWE,2016,20.842441394801188
111,NWE,2017,-5.298379197687726
112,BAL,1990,11.367328130831927
113,BAL,1991,7.736592946042858
114,BAL,1992,-39.75626997740391
115,BAL,1993,-19.67410614647293
116,BAL,1994,-42.53483587417692
117,BAL,1995,-17.779179279634636
118,BAL,1996,-8.72774097736569
119,BAL,1997,43.21908064591224
120,BAL,1998,-18.457990589566187
121,BAL,1999,8.646568580593398
122,BAL,2000,12.265862468806558
123,BAL,2001,-17.404241648919665
124,BAL,2002,2.2069538690894674
125,BAL,2003,-15.526526825837125
126,BAL,2004,-21.93842261197323
127,BAL,2005,-6.881977825642998
128,BAL,2006,1.8750599974757456
129,BAL,2007,0.8324065630658146
130,BAL,2008,-4.608611221534192
131,BAL,2009,7.995140491622566
132,BAL,2010,-25.47829342527331
133,BAL,2011,53.475212344216075
134,BAL,2012,-32.51446732873171
135,BAL,2013,15.786127189422489
136,BAL,2014,7.9770981607301445
137,BAL,2015,-22.224717409053355
138,BAL,2016,-15.792659977772649
139,BAL,2017,-8.644422733702944
140,CIN,1990,-3.188328737399245
141,CIN,1991,-7.811284474386866
142,CIN,1992,-22.56729358392748
143,CIN,1993,11.360195643079795
144,CIN,1994,-23.11488695933504
145,CIN,1995,14.77529541900983
146,CIN,1996,-6.229849337911173
147,CIN,1997,-32.28152358258018
148,CIN,1998,21.35399106842794
149,CIN,1999,-17.652293987504304
150,CIN,2000,-50.10565142212578
151,CIN,2001,32.31329479087552
152,CIN,2002,-27.758238486162448
153,CIN,2003,12.799908499807062
154,CIN,2004,31.37807651568652
155,CIN,2005,13.01882581797833
156,CIN,2006,8.639293667760867
157,CIN,2007,-10.868606934338388
158,CIN,2008,-7.809590341424917
159,CIN,2009,37.73858825863848
160,CIN,2010,-30.49810117201143
161,CIN,2011,-23.18029722451658
162,CIN,2012,11.398536720370053
163,CIN,2013,-20.945011718560316
164,CIN,2014,4.042254889491356
165,CIN,2015,-25.142217626652535
166,CIN,2016,-8.893924776082056
167,CIN,2017,-2.020127225312227
168,CLE,1999,1.1268852144136297
169,CLE,2000,-11.73817547890979
170,CLE,2001,-52.15405358408996
171,CLE,2002,62.46767671129039
172,CLE,2003,53.804927788857086
173,CLE,2004,5.083964967104621
174,CLE,2005,-6.948001078225124
175,CLE,2006,-35.854415834026256
176,CLE,2007,-6.103529268733259
177,CLE,2008,-21.56000548517312
178,CLE,2009,-67.93555400120236
179,CLE,2010,-35.76299574713531
180,CLE,2011,14.10149559160155
181,CLE,2012,-6.219028292757381
182,CLE,2013,-29.799522052601727
183,CLE,2014,-32.255778411405
184,CLE,2015,-18.141460223057486
185,CLE,2016,-5.40075717754103
186,CLE,2017,-3.15887023224447
187,PIT,1990,24.010622669469395
188,PIT,1991,-3.051220613196719
189,PIT,1992,41.002734924071454
190,PIT,1993,56.521379444825456
191,PIT,1994,-20.475138716306816
192,PIT,1995,32.327043473405425
193,PIT,1996,31.40886004979164
194,PIT,1997,-10.806348118076288
195,PIT,1998,20.821199078909817
196,PIT,1999,1.4331346081284906
197,PIT,2000,-20.494006340309767
198,PIT,2001,6.712737726381125
199,PIT,2002,60.29440757275889
200,PIT,2003,3.7032604137313605
201,PIT,2004,0.3380270457868564
202,PIT,2005,-1.6139836209266125
203,PIT,2006,-10.363940989301664
204,PIT,2007,9.748260075977567
205,PIT,2008,-11.678461732622981
206,PIT,2009,50.73129251359232
207,PIT,2010,41.936709744486976
208,PIT,2011,-17.146614416483317
209,PIT,2012,9.099739178832586
210,PIT,2013,22.22388906551472
211,PIT,2014,-2.6710433673295086
212,PIT,2015,-18.75308498181325
213,PIT,2016,5.977668099486747
214,PIT,2017,3.5394845845914036
215,IND,1990,-15.70763553303932
216,IND,1991,-47.769134955836144
217,IND,1992,46.749415349767496
218,IND,1993,7.670308380216392
219,IND,1994,-22.454864697831248
220,IND,1995,-28.342633453508128
221,IND,1996,-9.307726283395592
222,IND,1997,22.884554651356893
223,IND,1998,-1.6324778777698146
224,IND,1999,4.039930932118633
225,IND,2000,6.258284780936003
226,IND,2001,28.64533896298491
227,IND,2002,10.397355461160227
228,IND,2003,42.300377730534635
229,IND,2004,1.6731239845344217
230,IND,2005,-18.291957280092632
231,IND,2006,42.45663827651235
232,IND,2007,-37.468949049303376
233,IND,2008,44.76427550647442
234,IND,2009,7.567503761583459
235,IND,2010,2.30555597600923
236,IND,2011,-17.75865512357035
237,IND,2012,-16.688546197160008
238,IND,2013,-25.886166116901286
239,IND,2014,7.684774885158187
240,IND,2015,-1.5750642550687175
241,IND,2016,14.146444756679614
242,IND,2017,-6.184504500205733
243,JAX,1995,1.8755351104360969
244,JAX,1996,9.524209175319971
245,JAX,1997,35.55734681926304
246,JAX,1998,-43.10517190584263
247,JAX,1999,-40.970003657045766
248,JAX,2000,0.8991170100782826
249,JAX,2001,-6.751122967661659
250,JAX,2002,34.56186380713823
251,JAX,2003,-14.723623603955259
252,JAX,2004,-11.006015088639368
253,JAX,2005,5.0426318765046805
254,JAX,2006,1.0061317818306073
255,JAX,2007,-21.75562855297098
256,JAX,2008,-5.794023292465798
257,JAX,2009,35.42593277212586
258,JAX,2010,-10.69395949140674
259,JAX,2011,-24.417488836030717
260,JAX,2012,-15.321738365208033
261,JAX,2013,-8.587801795124996
262,JAX,2014,52.89654340212938
263,JAX,2015,-15.785979511070343
264,JAX,2016,17.48541899238177
265,JAX,2017,6.245979293498762
266,HOU,2002,-8.981269214784328
267,HOU,2003,-0.7425055890500052
268,HOU,2004,-29.615753146951576
269,HOU,2005,-49.351038062219516
270,HOU,2006,-9.117984416975395
271,HOU,2007,-9.816355166381133
272,HOU,2008,-15.026513950043066
273,HOU,2009,38.03650645001554
274,HOU,2010,-6.569093673597674
275,HOU,2011,33.87771142471288
276,HOU,2012,-2.8523828476251403
277,HOU,2013,-8.110504703617654
278,HOU,2014,-12.527913778927834
279,HOU,2015,-4.312712184784635
280,HOU,2016,-9.223370228185996
281,HOU,2017,6.0204037960823635
282,TEN,1990,-16.01456331940543
283,TEN,1991,9.703098826986277
284,TEN,1992,52.20575412637134
285,TEN,1993,-8.49377046884493
286,TEN,1994,-6.583188880705993
287,TEN,1995,-20.162704744554738
288,TEN,1996,14.486688713186457
289,TEN,1997,-14.723036922608538
290,TEN,1998,11.505450495419963
291,TEN,1999,18.12359862974213
292,TEN,2000,15.073990480949265
293,TEN,2001,0.999353402472174
294,TEN,2002,30.128176971483786
295,TEN,2003,-15.537294122124113
296,TEN,2004,4.078480075692578
297,TEN,2005,40.324050631562265
298,TEN,2006,23.1460490504856
299,TEN,2007,8.661951305613576
300,TEN,2008,9.292922703624416
301,TEN,2009,11.637442587081466
302,TEN,2010,-46.87702394387473
303,TEN,2011,16.311721176258963
304,TEN,2012,8.329245692895835
305,TEN,2013,-36.601041893014504
306,TEN,2014,16.195443167751908
307,TEN,2015,-14.1862308320156
308,TEN,2016,6.365397348626651
309,TEN,2017,-4.122226910560758
310,DEN,1990,3.0022067694826235
311,DEN,1991,-10.595261187031525
312,DEN,1992,-32.79458342066108
313,DEN,1993,-44.95431668294211
314,DEN,1994,20.173820232655075
315,DEN,1995,7.55454468796113
316,DEN,1996,-14.843943846584136
317,DEN,1997,1.866767991275247
318,DEN,1998,25.805024155868665
319,DEN,1999,28.856336770262722
320,DEN,2000,-36.91550105387451
321,DEN,2001,5.568884453900456
322,DEN,2002,26.92254065671399
323,DEN,2003,9.830251711256562
324,DEN,2004,-54.374717357665034
325,DEN,2005,13.766446238414074
326,DEN,2006,12.528439675682169
327,DEN,2007,8.84493040962884
328,DEN,2008,2.952728923763523
329,DEN,2009,-67.75263649560033
330,DEN,2010,2.89867314291744
331,DEN,2011,38.147647136052925
332,DEN,2012,30.65335844846087
333,DEN,2013,-27.59141219000475
334,DEN,2014,-3.345606885043986
335,DEN,2015,-2.675325915164252
336,DEN,2016,-1.0139560077477539
337,DEN,2017,-9.2081426831958
338,KAN,1990,13.74320177990923
339,KAN,1991,-5.4779690378102455
340,KAN,1992,3.5918053572668054
341,KAN,1993,-23.522133093179477
342,KAN,1994,-41.17567624424366
343,KAN,1995,0.8614040906392173
344,KAN,1996,27.765482409815878
345,KAN,1997,-30.61892367156266
346,KAN,1998,9.797576516722215
347,KAN,1999,-26.988762866947916
348,KAN,2000,-0.9610189595364216
349,KAN,2001,-27.90846148427839
350,KAN,2002,-34.950546350912774
351,KAN,2003,-14.562402227073456
352,KAN,2004,0.051890938969517464
353,KAN,2005,-25.55848854190619
354,KAN,2006,-8.645775341552921
355,KAN,2007,-29.699627958190618
356,KAN,2008,4.062022098314082
357,KAN,2009,7.758700191588295
358,KAN,2010,16.695010338161698
359,KAN,2011,-7.8208807254708255
360,KAN,2012,-25.02735727677508
361,KAN,2013,1.5529977406950364
362,KAN,2014,12.666224487151105
363,KAN,2015,30.13894794963032
364,KAN,2016,2.258982671375744
365,KAN,2017,4.7506548587649045
366,LAC,1990,25.484227113363357
367,LAC,1991,-27.808979544639023
368,LAC,1992,-24.00616627766108
369,LAC,1993,-25.78610897011724
370,LAC,1994,-15.862229250852284
371,LAC,1995,-51.70671924644719
372,LAC,1996,-24.189163959364144
373,LAC,1997,-27.936219667193583
374,LAC,1998,-28.25425829777212
375,LAC,1999,-35.17541021417633
376,LAC,2000,-4.011680373155
377,LAC,2001,12.587594992472713
378,LAC,2002,4.407221301255596
379,LAC,2003,-2.709028869264601
380,LAC,2004,57.88322999537075
381,LAC,2005,11.846869433318169
382,LAC,2006,17.932139046462346
383,LAC,2007,33.384302342908875
384,LAC,2008,-21.112178112613186
385,LAC,2009,-17.45407531833483
386,LAC,2010,-8.999768969985793
387,LAC,2011,21.129782838600953
388,LAC,2012,-1.0815596616363257
389,LAC,2013,16.60070566646779
390,LAC,2014,-32.79604186016357
391,LAC,2015,15.59721700809102
392,LAC,2016,-2.2458512580186314
393,LAC,2017,-5.007239863900398
394,OAK,1990,-23.979391780733614
395,OAK,1991,3.4461255333524488
396,OAK,1992,-19.97904815052383
397,OAK,1993,-42.11088987136263
398,OAK,1994,-26.432532490616914
399,OAK,1995,-4.305199261181924
400,OAK,1996,4.653003171514243
401,OAK,1997,-2.8138173702166362
402,OAK,1998,25.52117932951164
403,OAK,1999,15.482054278551104
404,OAK,2000,20.000425292058484
405,OAK,2001,-30.858153698019123
406,OAK,2002,-16.4262581680419
407,OAK,2003,-25.044551070511336
408,OAK,2004,-40.23141657596733
409,OAK,2005,-39.55043565096858
410,OAK,2006,-5.439666847974738
411,OAK,2007,-36.00382454198553
412,OAK,2008,-16.20117331095964
413,OAK,2009,-25.340808266742048
414,OAK,2010,5.82131894202804
415,OAK,2011,2.771021942739911
416,OAK,2012,-0.4744228531862804
417,OAK,2013,6.228606645979842
418,OAK,2014,64.8341907088786
419,OAK,2015,-14.407845609395395
420,OAK,2016,-3.3977991176494418
421,OAK,2017,-3.41535760720663
422,DAL,1990,33.36563456749704
423,DAL,1991,-29.5455867053933
424,DAL,1992,13.714347701924495
425,DAL,1993,37.467838041209
426,DAL,1994,33.495047524076675
427,DAL,1995,-52.29429782745485
428,DAL,1996,-88.67563971046954
429,DAL,1997,-3.3893557575930835
430,DAL,1998,16.027096016760083
431,DAL,1999,19.934690837091534
432,DAL,2000,4.133298360572722
433,DAL,2001,-24.653703952430828
434,DAL,2002,-22.908993865067526
435,DAL,2003,31.488739596616227
436,DAL,2004,7.503883372729188
437,DAL,2005,31.989605798965407
438,DAL,2006,-44.16652805894494
439,DAL,2007,4.4770470538330205
440,DAL,2008,49.00368609576342
441,DAL,2009,-56.67300941489383
442,DAL,2010,24.42432772452706
443,DAL,2011,15.45974416868755
444,DAL,2012,-12.088089324473405
445,DAL,2013,16.700220659881307
446,DAL,2014,29.218204966702153
447,DAL,2015,-12.483772847659013
448,DAL,2016,33.270038631741585
449,DAL,2017,-2.851389212922684
450,NYG,1990,11.272999180081493
451,NYG,1991,28.29216032701384
452,NYG,1992,55.93710380074876
453,NYG,1993,33.43155938223756
454,NYG,1994,13.21732540672213
455,NYG,1995,-9.871787278815741
456,NYG,1996,75.47822840102191
457,NYG,1997,29.865570542075535
458,NYG,1998,17.264706704041007
459,NYG,1999,-21.808151802652482
460,NYG,2000,32.95402185788845
461,NYG,2001,-40.84228594239021
462,NYG,2002,-34.97846019463786
463,NYG,2003,34.70171615450497
464,NYG,2004,-17.063388147030288
465,NYG,2005,32.86906182608434
466,NYG,2006,-17.99783959056262
467,NYG,2007,50.339669462245034
468,NYG,2008,2.87458290509273
469,NYG,2009,-26.5927094376102
470,NYG,2010,-33.931879654874734
471,NYG,2011,-21.134693228302364
472,NYG,2012,-13.895068843949542
473,NYG,2013,-19.46484698850297
474,NYG,2014,9.840969090984238
475,NYG,2015,4.003928181479354
476,NYG,2016,-6.2541665178410835
477,NYG,2017,3.5678192715996166
478,PHI,1990,4.426630497052818
479,PHI,1991,23.137285611572338
480,PHI,1992,-33.561048174115854
481,PHI,1993,-13.920258907590018
482,PHI,1994,-14.623956308826958
483,PHI,1995,-37.6997414271157
484,PHI,1996,-32.21816973370096
485,PHI,1997,22.272834199726603
486,PHI,1998,3.094175273180703
487,PHI,1999,-24.87978707327633
488,PHI,2000,-4.21818452570246
489,PHI,2001,19.288690624484765
490,PHI,2002,51.41242702732298
491,PHI,2003,9.847170388592387
492,PHI,2004,-38.06059296151216
493,PHI,2005,45.475162996912175
494,PHI,2006,10.412484491382742
495,PHI,2007,-16.58456498134254
496,PHI,2008,81.24217321288722
497,PHI,2009,47.136777284152444
498,PHI,2010,-19.592259117649412
499,PHI,2011,-24.72032370315552
500,PHI,2012,-13.002898029407831
501,PHI,2013,18.012765072151016
502,PHI,2014,-26.63593238222461
503,PHI,2015,-7.237907432963679
504,PHI,2016,22.428713333130347
505,PHI,2017,-6.932786889591258
506,WAS,1990,-30.566926117348032
507,WAS,1991,44.47995669553612
508,WAS,1992,-23.550645653972126
509,WAS,1993,25.068766375126142
510,WAS,1994,14.85482036433168
511,WAS,1995,-5.743909555995019
512,WAS,1996,-5.1774658085166445
513,WAS,1997,47.1834078484213
514,WAS,1998,-26.57816397158559
515,WAS,1999,-14.20171862298875
516,WAS,2000,-10.718624925415634
517,WAS,2001,-4.616171243007329
518,WAS,2002,3.5734229315628365
519,WAS,2003,16.100308868581404
520,WAS,2004,-1.1525135358485095
521,WAS,2005,-6.935864992536085
522,WAS,2006,31.787105627802347
523,WAS,2007,-30.109703629151078
524,WAS,2008,-68.14135722235895
525,WAS,2009,-31.54069149669572
526,WAS,2010,-20.37484196296677
527,WAS,2011,-35.672025457756135
528,WAS,2012,26.407911198905662
529,WAS,2013,1.4484781422999653
530,WAS,2014,14.871049483070847
531,WAS,2015,14.597094523207652
532,WAS,2016,-13.059896129231737
533,WAS,2017,-1.2708442205731063
534,CHI,1990,-46.01897946858233
535,CHI,1991,-25.462021525133935
536,CHI,1992,-23.56421493917187
537,CHI,1993,12.321176127959294
538,CHI,1994,20.83404849315178
539,CHI,1995,-21.63605102388442
540,CHI,1996,8.758621819775477
541,CHI,1997,6.345895766784821
542,CHI,1998,9.29183047351022
543,CHI,1999,37.65172482903449
544,CHI,2000,13.802794049097104
545,CHI,2001,-6.9510843391400705
546,CHI,2002,-2.8224257332231426
547,CHI,2003,-3.4204147424539357
548,CHI,2004,37.59612310514236
549,CHI,2005,52.67244907874086
550,CHI,2006,-20.078845611271973
551,CHI,2007,12.458916375972215
552,CHI,2008,-39.41982838417688
553,CHI,2009,15.539664904639247
554,CHI,2010,28.46867038610603
555,CHI,2011,-5.143000307439009
556,CHI,2012,-24.217191891505387
557,CHI,2013,30.858118459809415
558,CHI,2014,-15.678983046161122
559,CHI,2015,-10.323251493444994
560,CHI,2016,9.510051274511333
561,CHI,2017,6.455718002432169
562,DET,1990,34.22187364213799
563,DET,1991,-18.89105940114053
564,DET,1992,47.511260694607586
565,DET,1993,21.46678605034964
566,DET,1994,-13.323844454498587
567,DET,1995,59.18902544558716
568,DET,1996,-9.306687716874354
569,DET,1997,-62.049715911692175
570,DET,1998,-4.1003709472736585
571,DET,1999,9.61899548832266
572,DET,2000,-12.121385586918159
573,DET,2001,12.852699525848983
574,DET,2002,-2.148136276331666
575,DET,2003,-24.498175035540164
576,DET,2004,0.010516269545494339
577,DET,2005,-58.24315068648919
578,DET,2006,-27.98821009892263
579,DET,2007,-15.085981472173144
580,DET,2008,-24.18059561978091
581,DET,2009,-23.68660793284086
582,DET,2010,38.23011819671827
583,DET,2011,-38.91843527954376
584,DET,2012,-26.38536312943456
585,DET,2013,53.52440440704813
586,DET,2014,-10.261626411577097
587,DET,2015,-6.093078886057271
588,DET,2016,10.517224517936077
589,DET,2017,4.477413954614866
590,GNB,1990,30.930286160388928
591,GNB,1991,5.692571265121346
592,GNB,1992,64.59364018537184
593,GNB,1993,22.823590722524507
594,GNB,1994,2.9108588456010622
595,GNB,1995,5.4850053986274485
596,GNB,1996,-0.19443662667419126
597,GNB,1997,-2.6811805902688537
598,GNB,1998,29.22109407765945
599,GNB,1999,14.97949373345917
600,GNB,2000,21.915408263293607
601,GNB,2001,-14.711104696321325
602,GNB,2002,30.29394792976057
603,GNB,2003,-14.436627285972767
604,GNB,2004,17.444760759855455
605,GNB,2005,-20.09015730079729
606,GNB,2006,44.524243781370686
607,GNB,2007,79.43706997334257
608,GNB,2008,-5.068632757827245
609,GNB,2009,43.65410563819613
610,GNB,2010,38.80473500087598
611,GNB,2011,13.717534441318296
612,GNB,2012,11.564122482139437
613,GNB,2013,60.483487662543475
614,GNB,2014,13.293659160517727
615,GNB,2015,1.9336970795290527
616,GNB,2016,3.1835024415352504
617,GNB,2017,-1.9028096985416245
618,MIN,1990,-32.30264335207095
619,MIN,1991,23.366114924589414
620,MIN,1992,25.817572372029545
621,MIN,1993,3.3368190639480706
622,MIN,1994,36.1470164974892
623,MIN,1995,0.9693432857540607
624,MIN,1996,-1.3162764405588625
625,MIN,1997,-22.654976131388153
626,MIN,1998,35.855694785533274
627,MIN,1999,15.83379064435505
628,MIN,2000,22.56454446816322
629,MIN,2001,-30.506113155046286
630,MIN,2002,-17.09084807454667
631,MIN,2003,-6.661141275958374
632,MIN,2004,-10.501131174445876
633,MIN,2005,-20.951448805545073
634,MIN,2006,-14.720391629031656
635,MIN,2007,39.239204139582036
636,MIN,2008,13.735135142795972
637,MIN,2009,-4.622239752838558
638,MIN,2010,-25.29119892251581
639,MIN,2011,-15.44296599862546
640,MIN,2012,22.71927751494098
641,MIN,2013,-5.852885884111556
642,MIN,2014,2.9021181399211535
643,MIN,2015,26.971589096166927
644,MIN,2016,-25.652885351853037
645,MIN,2017,5.31684428493479
646,ATL,1990,-21.763680626492135
647,ATL,1991,64.95800574133013
648,ATL,1992,-35.75224541507011
649,ATL,1993,-24.785001409845155
650,ATL,1994,-43.050524090556976
651,ATL,1995,27.78906127842803
652,ATL,1996,1.578325736844148
653,ATL,1997,-6.960263635355238
654,ATL,1998,14.69337938861906
655,ATL,1999,4.588043269469664
656,ATL,2000,16.8689485325716
657,ATL,2001,11.246228244191201
658,ATL,2002,-40.915513088780095
659,ATL,2003,-50.50338423412132
660,ATL,2004,25.579758706525546
661,ATL,2005,78.04238191848718
662,ATL,2006,-10.127739324172778
663,ATL,2007,27.17345366963785
664,ATL,2008,6.3490136571483315
665,ATL,2009,0.8563534272731559
666,ATL,2010,8.56398322474644
667,ATL,2011,25.96201174377349
668,ATL,2012,-23.115702082756023
669,ATL,2013,1.0114172575209532
670,ATL,2014,10.742766733407144
671,ATL,2015,10.040869771166316
672,ATL,2016,24.92279612136103
673,ATL,2017,-6.38858753999092
674,CAR,1995,17.008138059197726
675,CAR,1996,-6.9901934577376394
676,CAR,1997,-24.38625492687578
677,CAR,1998,-45.4010893087972
678,CAR,1999,32.94449458248486
679,CAR,2000,31.686213000492717
680,CAR,2001,24.1011235659714
681,CAR,2002,-7.479065092467458
682,CAR,2003,-28.40265745173089
683,CAR,2004,26.55116448844953
684,CAR,2005,30.829704533616123
685,CAR,2006,72.76148460603339
686,CAR,2007,-13.109626493151836
687,CAR,2008,24.289839573445207
688,CAR,2009,-28.95214971037492
689,CAR,2010,8.964066953856271
690,CAR,2011,-46.264297573187044
691,CAR,2012,8.82598165785447
692,CAR,2013,17.886391618026398
693,CAR,2014,21.73578721731967
694,CAR,2015,14.766961958656514
695,CAR,2016,0.049291406474213595
696,CAR,2017,0.34331729329740224
697,NOR,1990,-21.03566187934761
698,NOR,1991,-6.852916551981839
699,NOR,1992,-18.595517690143772
700,NOR,1993,-11.107230158635033
701,NOR,1994,30.97435785996754
702,NOR,1995,-52.07756410802598
703,NOR,1996,0.0013371341148280536
704,NOR,1997,-48.59534228915247
705,NOR,1998,-5.941805648131493
706,NOR,1999,-9.349546343597325
707,NOR,2000,26.261621169911567
708,NOR,2001,-18.839395757637647
709,NOR,2002,-16.938045409125657
710,NOR,2003,-36.97943805709821
711,NOR,2004,1.1574918960420133
712,NOR,2005,-28.401661678589807
713,NOR,2006,47.678601120133685
714,NOR,2007,-21.380130087815097
715,NOR,2008,21.950537096206702
716,NOR,2009,0.26459120801890634
717,NOR,2010,22.371124759713936
718,NOR,2011,18.10823416613011
719,NOR,2012,15.347423589152804
720,NOR,2013,22.31903994142231
721,NOR,2014,-23.586801234235217
722,NOR,2015,-18.154220038224924
723,NOR,2016,12.057987659716956
724,NOR,2017,20.1663427598032
725,TAM,1990,-37.61348653024762
726,TAM,1991,-6.611358302711487
727,TAM,1992,26.43808331020205
728,TAM,1993,-10.942368738484602
729,TAM,1994,19.59317722274384
730,TAM,1995,25.095149910777746
731,TAM,1996,21.13950809718003
732,TAM,1997,-0.046158069386032174
733,TAM,1998,-34.70539590473871
734,TAM,1999,-3.7197457205218956
735,TAM,2000,12.99550752104792
736,TAM,2001,-27.144608923668343
737,TAM,2002,-9.945340296188657
738,TAM,2003,11.703605677392517
739,TAM,2004,-36.4385644155712
740,TAM,2005,-33.37462487279333
741,TAM,2006,-57.87391228441026
742,TAM,2007,-7.384120007736525
743,TAM,2008,19.650691529601364
744,TAM,2009,22.373994946369887
745,TAM,2010,-48.911567748207034
746,TAM,2011,-13.537927660012064
747,TAM,2012,16.75127059025623
748,TAM,2013,1.6726119759337674
749,TAM,2014,-3.6514484740073643
750,TAM,2015,39.4960173004716
751,TAM,2016,-22.23536408743087
752,TAM,2017,-0.07992250176274385
753,ARI,1990,36.85996553984626
754,ARI,1991,-32.61081013698399
755,ARI,1992,-0.5154519055518094
756,ARI,1993,-41.009903302481774
757,ARI,1994,51.00452164765171
758,ARI,1995,12.265159046475917
759,ARI,1996,-12.92112318131452
760,ARI,1997,20.807764525140723
761,ARI,1998,21.23430069200431
762,ARI,1999,-40.07087073689015
763,ARI,2000,-1.2680536260255297
764,ARI,2001,49.237778746607205
765,ARI,2002,-24.069267459825927
766,ARI,2003,44.47509053946486
767,ARI,2004,42.51284793351594
768,ARI,2005,-32.92908012852656
769,ARI,2006,-37.60138787610776
770,ARI,2007,14.783981591806032
771,ARI,2008,16.0614214258018
772,ARI,2009,-13.062893434638239
773,ARI,2010,14.6555729597901
774,ARI,2011,-25.7923642198973
775,ARI,2012,15.930840342219318
776,ARI,2013,11.570277944650297
777,ARI,2014,-15.894256226639072
778,ARI,2015,16.534462032073336
779,ARI,2016,-16.105352689593996
780,ARI,2017,-1.579439506418864
781,LAR,1990,-24.502065139999267
782,LAR,1991,37.347510665540035
783,LAR,1992,-68.47544519542424
784,LAR,1993,22.550132719889348
785,LAR,1994,9.127669193253102
786,LAR,1995,-2.959724426293798
787,LAR,1996,-45.76063400852849
788,LAR,1997,35.63697250657106
789,LAR,1998,-23.519442031919315
790,LAR,1999,-3.252383464550808
791,LAR,2000,-16.852444399568178
792,LAR,2001,-7.645379141107518
793,LAR,2002,-56.51232282291786
794,LAR,2003,18.02510758398035
795,LAR,2004,-5.4828216701168415
796,LAR,2005,-11.621057671688705
797,LAR,2006,-25.641204053375947
798,LAR,2007,-50.59349412098924
799,LAR,2008,-26.18691051089359
800,LAR,2009,6.335497040617658
801,LAR,2010,-19.238155117761174
802,LAR,2011,-22.40013014057122
803,LAR,2012,-2.5238219806877384
804,LAR,2013,4.162320104818176
805,LAR,2014,14.012563739230282
806,LAR,2015,11.588216485624672
807,LAR,2016,-10.109831036566273
808,LAR,2017,7.001544077245953
809,SFO,1990,8.691019801971333
810,SFO,1991,20.90936116517026
811,SFO,1992,19.84209744395825
812,SFO,1993,12.148061625831474
813,SFO,1994,4.663834231500427
814,SFO,1995,12.493478675377652
815,SFO,1996,-24.95303252169959
816,SFO,1997,9.277205127664226
817,SFO,1998,26.391023161651177
818,SFO,1999,-3.3241480843513638
819,SFO,2000,-11.255363752173764
820,SFO,2001,18.454156902315276
821,SFO,2002,-38.64530754176827
822,SFO,2003,-7.005288050080332
823,SFO,2004,17.18125954754198
824,SFO,2005,-12.146742015851112
825,SFO,2006,12.142787067056151
826,SFO,2007,34.010950282997044
827,SFO,2008,8.052983799558222
828,SFO,2009,12.947087189992908
829,SFO,2010,14.637567640592838
830,SFO,2011,-6.406958548747661
831,SFO,2012,-51.776331705878185
832,SFO,2013,-29.063554282814938
833,SFO,2014,-25.846881351842136
834,SFO,2015,-14.83880682622179
835,SFO,2016,-23.47936486481585
836,SFO,2017,6.358783477589558
837,SEA,1990,52.46446346817161
838,SEA,1991,-11.46767241619495
839,SEA,1992,-13.69195241650673
840,SEA,1993,4.999522710141552
841,SEA,1994,11.767866904692728
842,SEA,1995,-8.914554333299671
843,SEA,1996,-6.546249422698546
844,SEA,1997,12.757036660746355
845,SEA,1998,43.22833361590179
846,SEA,1999,-20.310997238114815
847,SEA,2000,-17.62420069126471
848,SEA,2001,37.3884900362151
849,SEA,2002,-11.796972255168733
850,SEA,2003,-33.582810754235226
851,SEA,2004,28.019700971441424
852,SEA,2005,-18.48964815321193
853,SEA,2006,27.489862267056395
854,SEA,2007,1.409065818881035
855,SEA,2008,-1.138191197862918
856,SEA,2009,-21.293176217859738
857,SEA,2010,57.16523927214591
858,SEA,2011,58.772309558760796
859,SEA,2012,78.21778617213278
860,SEA,2013,-30.611012696368956
861,SEA,2014,-17.879270992810067
862,SEA,2015,3.2517319548791837
863,SEA,2016,1.0933233492943972
864,SEA,2017,-6.3383175698501715
