,Position,Year,RV
0,DB,1990,-1.2164065795826695
1,DB,1991,0.16764397052527769
2,DB,1992,0.5334183834430022
3,DB,1993,1.130456341129498
4,DB,1994,-0.21581930703486435
5,DB,1995,1.2256991196606215
6,DB,1996,2.3266151106527615
7,DB,1997,-0.004875429300560448
8,DB,1998,-0.5977929877634923
9,DB,1999,-1.268017877480539
10,DB,2000,-1.2497424587634858
11,DB,2001,-2.654305009311517
12,DB,2002,-0.6449401782861945
13,DB,2003,0.10624552369233457
14,DB,2004,-2.7602730313139254
15,DB,2005,-1.279372412512497
16,DB,2006,-0.7426030132956379
17,DB,2007,0.7771822856785856
18,DB,2008,-0.7411644817791465
19,DB,2009,-0.0807688122418135
20,DB,2010,0.7032657113466209
21,DB,2011,-1.7130119141409512
22,DB,2012,-1.6781080077100363
23,DB,2013,-1.2796109920549492
24,DB,2014,-2.4256551243018802
25,DB,2015,-2.0722392260806615
26,DB,2016,-0.4566018697530427
27,DB,2017,0.05559174053414097
28,DL,1990,-1.0115510285024463
29,DL,1991,0.8533187431435099
30,DL,1992,1.7201041840964424
31,DL,1993,4.215739487140768
32,DL,1994,-1.373464285790675
33,DL,1995,0.791529970011194
34,DL,1996,0.5410174887055061
35,DL,1997,4.020619213974529
36,DL,1998,-1.2597934109013365
37,DL,1999,2.222366040394881
38,DL,2000,-1.273203531497663
39,DL,2001,-0.8581568752276733
40,DL,2002,1.2431629756593305
41,DL,2003,-1.3278002394012218
42,DL,2004,2.116597759950735
43,DL,2005,-0.11482486952248423
44,DL,2006,1.1929066174212002
45,DL,2007,-1.5715239490635815
46,DL,2008,0.6710947756041777
47,DL,2009,0.10130400515773265
48,DL,2010,0.8164027337673024
49,DL,2011,2.248692587011171
50,DL,2012,1.5819982484311497
51,DL,2013,-0.8260300002638892
52,DL,2014,-0.540434605338422
53,DL,2015,0.6459691682866955
54,DL,2016,-0.18481072876813998
55,DL,2017,-0.5729740791649891
56,LB,1990,0.42333465976199897
57,LB,1991,0.5992245471582636
58,LB,1992,2.219828688236045
59,LB,1993,-2.361872986304887
60,LB,1994,1.6944364546219166
61,LB,1995,-0.15649485537967814
62,LB,1996,1.040781725912869
63,LB,1997,-0.23776310759545993
64,LB,1998,2.3433701428283165
65,LB,1999,2.4798393629086424
66,LB,2000,5.134580585155421
67,LB,2001,0.668388175057043
68,LB,2002,1.6902931392767904
69,LB,2003,2.760019973444525
70,LB,2004,-1.1606680086011296
71,LB,2005,1.2009193482655078
72,LB,2006,2.7730325627631736
73,LB,2007,0.7782706300543343
74,LB,2008,0.5067623899674077
75,LB,2009,-0.4729035652803604
76,LB,2010,-1.7233190980977726
77,LB,2011,2.0042463791862364
78,LB,2012,4.326284431363874
79,LB,2013,0.1826001487428801
80,LB,2014,1.0236927099629747
81,LB,2015,0.35057883314059957
82,LB,2016,1.0587868689132576
83,LB,2017,0.1486244250608642
84,OL,1990,2.080253473829231
85,OL,1991,-0.7293572167513805
86,OL,1992,-0.3498127548369308
87,OL,1993,0.9032852412739754
88,OL,1994,2.116062235952568
89,OL,1995,2.7203436212949827
90,OL,1996,2.3536332324676974
91,OL,1997,2.062674098175586
92,OL,1998,2.095427999504265
93,OL,1999,0.9912016768886733
94,OL,2000,1.5260978067410926
95,OL,2001,3.5415546865039773
96,OL,2002,1.2607503723310425
97,OL,2003,2.3310537611074564
98,OL,2004,2.599023019031171
99,OL,2005,3.12053209856117
100,OL,2006,1.5877018700870231
101,OL,2007,1.7459776539028102
102,OL,2008,3.360247944733554
103,OL,2009,3.0675094055383005
104,OL,2010,1.1330310427758061
105,OL,2011,2.529356557240839
106,OL,2012,-0.10059332505631625
107,OL,2013,2.245914420962263
108,OL,2014,4.200280197888999
109,OL,2015,1.5553412511070697
110,OL,2016,0.7416802936119224
111,OL,2017,-0.017862243276970873
112,QB,1990,-1.68296984362125
113,QB,1991,-2.7993132666420633
114,QB,1992,-1.6151856618456926
115,QB,1993,5.854307165728868
116,QB,1994,0.5041143036110611
117,QB,1995,-3.0683496372061225
118,QB,1996,-4.851114779110089
119,QB,1997,-2.1995043897415973
120,QB,1998,2.5436280945801135
121,QB,1999,-1.6377260374429552
122,QB,2000,1.7743139018247118
123,QB,2001,-1.3436863971587045
124,QB,2002,0.048119253606357874
125,QB,2003,-4.989201384574518
126,QB,2004,-1.4972628065604379
127,QB,2005,2.1101702701013036
128,QB,2006,-1.0633322106006715
129,QB,2007,-6.676994706932066
130,QB,2008,-0.19957827185135707
131,QB,2009,-0.25553398639795427
132,QB,2010,-6.555081110199269
133,QB,2011,-3.694177186877838
134,QB,2012,0.6902000059616504
135,QB,2013,-6.4151879865065915
136,QB,2014,-2.1215208190519546
137,QB,2015,3.0193450082369884
138,QB,2016,-0.03497985805284166
139,QB,2017,-0.1615265574810692
140,RB,1990,0.0058054725136615064
141,RB,1991,0.29683696486151034
142,RB,1992,-2.888917142047309
143,RB,1993,-2.055050064015956
144,RB,1994,0.38585759020768656
145,RB,1995,-1.7514323363971607
146,RB,1996,-2.477315542253497
147,RB,1997,-2.557834657563379
148,RB,1998,-1.5373916682395783
149,RB,1999,-4.9427675020864115
150,RB,2000,1.5200770884429256
151,RB,2001,2.9599199034338977
152,RB,2002,-0.12396628674472167
153,RB,2003,-3.1660524117429816
154,RB,2004,1.521973758334934
155,RB,2005,-3.0845602999907293
156,RB,2006,1.1382152152198095
157,RB,2007,-0.5336091886329944
158,RB,2008,-0.22516250200738458
159,RB,2009,-2.7131040488800737
160,RB,2010,-0.5076717823985937
161,RB,2011,-0.7031427476607645
162,RB,2012,-0.9309519813155857
163,RB,2013,3.648111868864975
164,RB,2014,1.024643113343128
165,RB,2015,2.297900082316034
166,RB,2016,0.6226347767106944
167,RB,2017,1.491916256886767
168,ST,1990,5.000131616194149
169,ST,1991,-0.6588719306608213
170,ST,1992,3.3836730195127105
171,ST,1993,-0.6573449512993272
172,ST,1994,6.674888498710925
173,ST,1995,-4.612807813639491
174,ST,1996,-1.5382241221403028
175,ST,1997,-2.185975343786243
176,ST,1999,4.888226071161043
177,ST,2000,8.493981594340944
178,ST,2001,-2.008568635908682
179,ST,2002,-6.891103635963961
180,ST,2003,15.478966298656763
181,ST,2004,1.348696765406487
182,ST,2005,-0.14435496652873042
183,ST,2006,-2.4064517709499835
184,ST,2007,7.110437775370813
185,ST,2008,-9.558752659590587
186,ST,2009,9.857939206712068
187,ST,2010,-2.9941802862403475
188,ST,2011,0.907373157255063
189,ST,2012,2.3678865435270566
190,ST,2013,2.381904363543967
191,ST,2014,-1.5133633725369513
192,ST,2015,-0.46063789099738117
193,ST,2016,-0.657708578640573
194,ST,2017,1.6783612207071013
195,TE,1990,0.6575459389622845
196,TE,1991,-0.7427853446755522
197,TE,1992,-2.1217799446064083
198,TE,1993,-2.6843891083532103
199,TE,1994,-5.334037756150797
200,TE,1995,-4.713453163472438
201,TE,1996,-4.654551595370456
202,TE,1997,-4.9228436159315185
203,TE,1998,-4.207714366021771
204,TE,1999,-0.8322954281344399
205,TE,2000,-2.9760013836197854
206,TE,2001,-5.305509549980302
207,TE,2002,-2.697292196521595
208,TE,2003,-0.28164330531488585
209,TE,2004,-2.087418772640873
210,TE,2005,1.1342136534359883
211,TE,2006,-4.976844902249294
212,TE,2007,0.32522424049107423
213,TE,2008,-4.944930669668492
214,TE,2009,-3.769657578719269
215,TE,2010,-0.9646569836647707
216,TE,2011,-2.6746375448755098
217,TE,2012,-4.831883159838109
218,TE,2013,-1.0264012692439803
219,TE,2014,-6.7253739605222815
220,TE,2015,-1.8823627466586224
221,TE,2016,-1.3996326606005962
222,TE,2017,-1.0284959658546124
223,WR,1990,-0.21539185952918352
224,WR,1991,0.23960114489776727
225,WR,1992,-0.9740059882664682
226,WR,1993,-2.456797757091664
227,WR,1994,-1.2212910013444884
228,WR,1995,-0.9850855669083698
229,WR,1996,-2.3152514661917376
230,WR,1997,-2.782021162957499
231,WR,1998,-0.4744263630238212
232,WR,1999,-1.1418860551862802
233,WR,2000,-4.269017656677775
234,WR,2001,1.2303268504077824
235,WR,2002,-0.36199447547044755
236,WR,2003,-0.8462119603734013
237,WR,2004,-0.1373473822179921
238,WR,2005,-2.76847143712378
239,WR,2006,-3.5257282521214486
240,WR,2007,-0.7660450192071293
241,WR,2008,-0.7593948736462939
242,WR,2009,-0.692449566464383
243,WR,2010,1.4643763761322273
244,WR,2011,-2.637564431911862
245,WR,2012,-1.8818955249321154
246,WR,2013,-0.22778076471122904
247,WR,2014,0.17215595477994763
248,WR,2015,-1.5087127289751594
249,WR,2016,-0.9829128854588327
250,WR,2017,-0.5834836628577484
